p = 0.000001
0.00001
0.0001
0.001
0.01
0.1
1


R = 10000
d = 1000
Nf = 100
Ws = 2
Wr = 4
v = 300000000
sequenceNumberBit = 3
N = 5